12345671010121
12345671012101
12345671210101
12345672020212
12345672021202
12345672120202
12345760000000
12346570000120
12346750002022
12347560001101
12347650000000
12347650011001
12347650022200
12347651000110
12347651012122
12347651012221
12347651112121
12347652000022
12347652021112
12347652021211
12347652221212
12354670000000
12354760001212
12354761010001
12354761010100
12354761200012
12354762020020
12354762022000
12354762100012
12356470002022
12356740022020
12356740202020
12356742002020
12357460000111
12357460002220
12357461100001
12357640002220
12364570001101
12364750001101
12364750002022
12364752200020
12365470000000
12365470100011
12365470202002
12365471112121
12365471210122
12365472121201
12365472221212
12365740002220
12367450012222
12367450021111
12367450102222
12367450201111
12367451002222
12367452001111
12367540001101
12367540002220
12367540220020
12374560010101
12374560100101
12374561000101
12374650000111
12375460000111
12375640002001
12376450000111
12376450002022
12376450110100
12376540001212
12376540121122
12376540211122
12376541010121
12376541012101
12376542022021
12376542022120
12456730021210
12456730122112
12456732112210
12463750120120
12467350020010
12467350120210
12473560021012
12536740001212
12537460221001
12543670000000
12543670100101
12543670220002
12543671010010
12543671210221
12543671211121
12543671220121
12543672000220
12543672110212
12543672120112
12543672122212
12546370110220
12563471020102
12563472020101
12564732212011
12567432121222
12576342101110
12637450021000
12637450221001
12643570210210
12645370020010
12673541220022
12734560001212
12734560211122
12734561202112
12745630000000
12745631000011
12745631101102
12745631111110
12745631121100
12745632020020
12745632202201
12745632202222
12745632212200
12753461120212
12763451211121
12765431010202
12765431111101
12765432010102
12765432220222
13245670210000
13246570000000
13246570001122
13246570002121
13246571210221
13246571220121
13246572110122
13246572210112
13246751022100
13247562101020
13254760211122
13254760212211
13254761210122
13254762212011
13257640001122
13265740001212
13265741020201
13267450011100
13267450200022
13267540000021
13267540121101
13274650001212
13275460001122
13275462102100
13275640001122
13275640001212
13275641020222
13275642101110
13276450002100
13276450122022
13276540022011
13276540102201
13276540210012
13276540211200
13276540212001
13276540212211
13276541212201
13276542212011
13462570000000
13462571102200
13527460100002
13542670120120
13546270102102
13546270120120
13546270210210
13572640011022
13576240201102
13576240210210
13627450221001
13642570110112
13642570112110
13642572110110
13645270110220
13647520000000
13675240001212
13675241220202
13725641221021
13754261012212
13762450210210
13764250100200
13764251212120
13765421010100
14263750020010
14267350210210
14275632212011
14325670000000
14325671001010
14325671120212
14325671212111
14325672012121
14325672121222
14325672200020
14327651020102
14327652010102
14352671101000
14356720001212
14356720211122
14367251211121
14367522200002
14523671010202
14523672010201
14527630010200
14527630020100
14527630022200
14527630100020
14527630200010
14527631011102
14527631101000
14527631222221
14527632021211
14527632201022
14536272200200
14537621120212
14563271212111
14567230201102
14567230210012
14573260222000
14625730000000
14625730020010
14625730211122
14625731001010
14625731002210
14625731102212
14625731122000
14625732022000
14632570000000
14632570210021
14652732210220
14673250000000
14723650000102
14723650000201
14723650001020
14723650002010
14723650100101
14723651211010
14723651220121
14723652121111
14723652202000
14723652210202
14725360000000
14725360000012
14725360211221
14725361100010
14725362100102
14725362102010
14725362112102
14725362200002
14726530112011
14726530121011
14726530122202
14726530222201
14726531121202
14726532212011
14735620110001
14735620112002
14735620112221
14735620122001
14735620212001
14735620221001
14735620222000
14735620222111
14736250000021
14736250001221
14736252111112
14736520021111
14736520022020
14736520100101
14736520102222
14736520110202
14736520210120
14736520211122
14736520221010
14736522001111
14736522002020
14752362111010
14752362121111
14752362122020
14752630000000
14752630001200
14752630212112
14752631221021
14752632102112
14752632111112
14752632112012
14752632112120
14753260110001
14753260212001
14753260222000
14762350110220
14762350210120
14762350220110
14763250110112
14763250111201
14763250221220
14763250222012
14763251211010
14763252021121
14763252022021
14763252022111
14763252022120
14763252110110
14763252111001
14763520002100
14763520002112
14763522111220
14765230000102
14765230000201
14765230001020
14765230002010
14765230022020
14765231100100
14765231121211
14765231220202
14765232002020
14765232212221
15236470000000
15236472120010
15243670220110
15246370220221
15246370221220
15246371220220
15267430112002
15273640001212
15324672002200
15342670100200
15346270210210
15367420100002
15367420112002
15367422100012
15426370000000
15426370001122
15463270202002
15624731012101
15624731022202
15624731222221
15627430112002
15627430211002
15627430221001
15634721012221
15634721210122
15637422100012
15642370000000
15642371102200
15642371120221
15642371220211
15642372101200
15642372110212
15642372120112
15643270110220
15643270220110
15643272112000
15647232102121
15672340002121
15672340212001
15672341212201
15672342102121
15672432201022
15724361101021
15724630000000
15724630100200
15724630211122
15724631012122
15724631202112
15724631212120
15724631212222
15724632021211
15734621220112
15746320000000
15746320212100
15746321202001
15762341011102
15763240000000
15763241212021
16243570021021
16243570120120
16243570210210
16245370120120
16254732201112
16257430021000
16257432112012
16273540011022
16273540210210
16275340201102
16275342011110
16327452121222
16342570220110
16345270000000
16345270022020
16345270111000
16345271211121
16345271222101
16345272011212
16345272122212
16347251020201
16347252010201
16357420112002
16374520001212
16374522100012
16423571001010
16427530100200
16427530120210
16427531222122
16453270000000
16453270100002
16453271000020
16475232021202
16523472221212
16523740001101
16524730001101
16524730001122
16524730002022
16527340000000
16527430012222
16527430111021
16527430201111
16527430222102
16527431002222
16527431100211
16527431120011
16527431120221
16527431220211
16527431222002
16527432201022
16532470000111
16534270000000
16534270000021
16534272100000
16534722100012
16537420000111
16537420002211
16537420002220
16537420112002
16537420122001
16537420221001
16542370110220
16542370220110
16542371001220
16543270110112
16543270112110
16543270220221
16543270221220
16543271220220
16543272110110
16543720000000
16543720002100
16547232221212
16547320002220
16572430000000
16572432102112
16573240012012
16573240201201
16574230002022
16723450011022
16723450211200
16725430010200
16725430020100
16725430100011
16725430100020
16725430200010
16725431100010
16725431121112
16725432002200
16725432011101
16725432222121
16735241011102
16742351121202
16743251212111
16745231010202
16745231011111
16745232010102
16745232222202
16753240110001
17246350000000
17265432000202
17324560100212
17324560121221
17326451101000
17356240101202
17356241100220
17362450100200
17362450120210
17362451102200
17364250120120
17423652102121
17425630011001
17425630112002
17425630202002
17425630211002
17425630211221
17425630212001
17425630212112
17425630221001
17426530001122
17426530010101
17426530021201
17426530102012
17426530112110
17426530121122
17426530202020
17426530220221
17426531010100
17426531220220
17435621100022
17435622100012
17436520212121
17452362102121
17452362211021
17452632102121
17453261100022
17462351102200
17463250011001
17463250110220
17463250202002
17463250210120
17463250212001
17463250220110
17526430020010
17526430120210
17526431012122
17543260000000
17543260021000
17642530000000
17642530001122
17642532201100
17643250011001
21345670000000
21345761112211
21345761201212
21345761202112
21345762221122
21346751202211
21347561201212
21354670011001
21354670020202
21354670110001
21354671200012
21354671200021
21354671202100
21354672020002
21354760001122
21354760001200
21354760002100
21354760002211
21354760011100
21354760022200
21354761102200
21354762201100
21357461200000
21357462102220
21357641110021
21364751200000
21364752101101
21365741110201
21365741201212
21367450200220
21367451001001
21374652222010
21375461201122
21375462222100
21376540000012
21376540001200
21376540011100
21376540020022
21457630210012
21473562220201
21536741111020
21654371120212
21654371122210
21654372221011
21654372221110
21734651012020
23147561012020
23147650001212
23147651201212
23156470111021
23156470222021
23156472212221
23157460120222
23157461020012
23164572102022
23164751020201
23164752222202
23165470000000
23165470200022
23165470201021
23165471000011
23165471000221
23165471021221
23165471200000
23165472122110
23165740001212
23165740120201
23165741012020
23165741020210
23165741020222
23165741201212
23165742220201
23167540122211
23167541020111
23174651012020
23175462100111
23176451021110
23176452221122
23416751010100
23417562121012
23456172101221
23456172122011
23456712101221
23475161010001
23517461020222
23576411122210
23576411201212
23657141010001
23671451011222
23674152121210
23751460021012
23751462001210
23756142111220
23756410111201
23756412111001
23756412112201
23756412211201
24153671210122
24157360202101
24157361212000
24167352021121
24173651212120
24315672200200
24315760011211
24315761102212
24351670101100
24351672000022
24351672200200
24351760000012
24351760101121
24367510212001
24367512000010
24376511111011
24516731122000
24531672012010
24536712120121
24537612120211
24561371000020
24563710010101
24563711010121
24563712010111
24571361110102
24571630010101
24615370001221
24615371102200
24615730011202
24615730021222
24615731000212
24615731102200
24615731122210
24615732002212
24615732200011
24617531122210
24637511200021
24651730002112
24651730222222
24715362200221
24715630000000
24715630011010
24715630011022
24715631202112
24715632001000
24715632020020
24716531212120
24731560000000
24731561200120
24736511111221
24751361110120
24751361210002
24761530110112
24763150000000
24765312111001
25134671122210
25134671201212
25134671202100
25137460000000
25137460100212
25163740001212
25314672000202
25314672000220
25314672020200
25341672002200
25341761202112
25364171200120
25364172112120
25367410100011
25413671212000
25413762010111
25436710200202
25436711012011
25436711012221
25436711021011
25436711212120
25436712121210
25436712221011
25463712101221
25471361212021
25471630201102
25631740101010
25634712210121
25641370102021
25714631012020
25714631112220
25714631202100
25714632010222
25716430101112
25716432112102
25731641121100
25734161110000
25734612002212
25736140000012
25736140122121
25736410022002
25736410120210
25736410210201
25736410220002
25736412012001
25741360121002
25741631111212
25741631201212
25743610122121
25763141112022
25763410221211
26135741021110
26135741102212
26135741221201
26153470011010
26153472020020
26153472021010
26154371221102
26175431220022
26317450101100
26345710112002
26371452001000
26415730211212
26415731010112
26415731122210
26435711111011
26435711122210
26435711200021
26435711211211
26435712200011
26435712222022
26437511011201
26453171100022
26453710222222
26513470011010
26517342222202
26534712222202
26543170000000
26543170012000
26547312020212
26573412220201
26714530101022
26714531010022
26715432120211
26741350121002
26743511010121
27134560020022
27154631200021
27314651202100
27365411210101
27415362020002
27415631212120
27415632210211
27416531022121
27416532210121
27435611011111
27453160012000
27453160021000
27456132021112
27516340000000
27534160000000
27534160000012
27534161200000
27534611200021
27536411221201
27543610000012
27543610000021
27546311120011
27613542222022
27614352200221
27615430201222
27615431002210
27615432202102
27634510020022
27634511122210
27643512200122
31246752201100
31247650002121
31247650212121
31256470120111
31257461111110
31257461201200
31257642200011
31264571011102
31264572021202
31264572111112
31264751021011
31264751202010
31265470000000
31265470011001
31265470011022
31265470201102
31265470202002
31265470210000
31265471122210
31265471201122
31265740122220
31267541111122
31267541202022
31275460001122
31275460211122
31275461022100
31275461112100
31275461200102
31275461201101
31275462200011
31276451022211
31276451202202
31452670212100
31452670221121
31452671211220
31456721000110
31462750000000
31462750002211
31475260211122
31475261220202
31475261222110
31524672221011
31527642221011
31564271101000
31564271102200
31564272002200
31572460011022
31624750001122
31624752201100
31627451110222
31654271202211
31754620220011
31765241211010
32145670000000
32145670012222
32145670021111
32145670110001
32145670222222
32145671002222
32145671101111
32145672001111
32145672200002
32146750121212
32146751121112
32147561202112
32147561222122
32147650012222
32147650021111
32147650102222
32147650201111
32147651002222
32147651120221
32147651122102
32147651220211
32147651221102
32147652001111
32156470000000
32156470002100
32156470121221
32156471201221
32156471221021
32156471221210
32156471222221
32156472112012
32156740001212
32156741200012
32156741202112
32156741222020
32157640121212
32157641120212
32164570000000
32164570000120
32164570121212
32164571121112
32164571121202
32164571122210
32164571201212
32164572212101
32165740000000
32165740000021
32165740122112
32165741100001
32165741220001
32165742200020
32167450000000
32167450102222
32167450111111
32167450201111
32167450222000
32167451100010
32167452111202
32167452202222
32167452210121
32174560001212
32174560121002
32174560121122
32174561120101
32174651201221
32174651221021
32175460000000
32175460002001
32175460110001
32175460222000
32175461122000
32175461201212
32416752010111
32417561002210
32417651021020
32417652021010
32451761220010
32456172101221
32456710122022
32465171001010
32465171021020
32465171022010
32465171221210
32465172012010
32465172021010
32465172022000
32465172122110
32475160121212
32475162220111
32476512121120
32517462020200
32546712212101
32547610010002
32547610020001
32547610102000
32547610201000
32547611000200
32547612000100
32561470002022
32561470010200
32561470011100
32561470020100
32561470100020
32561470200010
32561471022202
32561471102011
32561472111112
32561472212101
32567411011111
32567411020201
32567411111101
32567412020101
32567412022222
32576141202112
32615472221011
32647151022010
32647152021010
32647511222122
32657142010102
32657411000101
32671452012202
32674151002222
32714651221021
32716451012101
32741650010200
32741650020100
32741650100020
32741650200010
32741651000002
32741652000001
32745610112221
32745611202211
32745611211220
32751642210121
32754162100012
32756140122010
32761451010202
32761451011111
32761451111101
32761452010201
32761452022222
32765410001110
32765410010002
32765410020001
32765410022002
32765410220002
32765411110201
32765411212111
32765412011101
32765412112201
32765412120112
32765412211201
34125671020102
34125671020201
34125671110111
34125672022222
34127650010002
34127650020001
34127650102000
34127650201000
34127651000200
34127652000100
34162751021101
34165270001101
34165270010200
34165270020100
34165270100020
34165270200010
34165270200022
34165271212222
34165272022201
34165272111211
34165272200020
34167251102212
34172561021221
34172561202220
34175262210121
34216571102011
34261571021020
34261571022010
34261572012010
34265711101021
34275160201102
34275161001211
34275161102110
34516270000000
34516271201221
34516721202112
34517621120212
34521671112121
34526712121201
34527611100211
34527611120011
34527611120221
34527611220211
34527612201022
34561271011012
34561271011210
34561271101102
34561271102011
34561271121100
34561272110122
34561272122020
34561272200122
34561272202210
34561272210022
34561272210112
34561720000000
34562170210000
34562170210120
34562171121202
34567211112121
34617251000101
34617251012101
34617251021101
34617521110222
34621571021020
34625171000101
34627511121202
34651270012000
34651271221021
34675211111011
34715261110012
34716521112100
34721651010202
34721651020102
34721651110111
34721651111101
34721652222202
34725610101100
34725611000002
34725611010211
34725611120101
34725611120221
34725611211121
34725611220211
34725612000001
34725612000022
34725612021112
34725612200002
34761251212111
35126740121101
35126741120122
35127461220220
35162471011120
35162471012122
35162472011110
35162472212020
35162472221011
35162472221020
35162741102212
35167241021101
35172460121212
35174261102020
35174261120002
35246170000000
35246170002211
35246171102200
35267140112122
35267140210021
35271460211122
35416720002001
35416722121102
35417621112022
35426711020021
35426711200201
35426712000202
35426712020002
35426712201100
35461270000120
35461270210120
35461271111212
35462170020202
35462170101010
35462170110112
35462170221220
35462171102200
35462171112220
35462171201020
35462172012100
35462172020200
35462172110110
35462711211211
35472162111202
35472162120211
35476121110000
35614721210122
35617422020221
35624711010121
35624711210101
35624711210221
35624711220121
35714622000211
35721641110102
35762141111002
36125470000222
36125470101001
36125470102000
36125470111000
36125470201000
36125471000200
36125471010112
36125472000100
36125472121111
36125472212122
36125742111220
36127450222111
36145271011111
36145271020102
36145271020201
36145272222202
36147250010200
36147250020100
36147250100020
36147250200010
36147251000002
36147252000001
36152740120201
36152741020210
36172451022022
36217451020222
36217540112200
36217542102001
36241572101221
36241752101200
36415271012101
36417521012200
36514271101000
36521471002210
36521471220010
36527410020022
36527411000002
36527411020111
36527411100211
36527411110201
36527411120011
36527411211121
36527412000001
36527412200200
36541271212111
36542711010211
36547211010202
36547211011111
36547211020201
36547211110111
36547212220222
36712541010001
36712541010010
36712541010100
36712541011000
36714251121112
36714520121002
36714521010211
36714521011102
36714522021112
36714522021211
36721450020220
36721451010211
36721451011012
36721451011102
36721451011210
36721451020000
36721451112121
36721452002002
36721452010000
36725410010101
36725410020202
36725410101010
36725410202020
36725411000101
36725411010001
36725411010100
36725411010121
36725411012101
36725411210101
36725412000202
36725412020002
36725412020200
36741251011012
36741251011210
36741251011222
36741251012212
36741252122020
36745210100110
36745211010112
36745211011201
36745211011222
36745211012212
36745211020000
36745211112121
36745212010000
36745212020020
36745212022000
36745212121102
36751242111211
36752141011021
36752141012110
36752142021121
36752142022111
36752142100021
36754122121111
37246510001122
37256141210122
37415621222110
37426512021202
37452161212201
37516421222200
37561240200001
37612452011122
37612541110000
37614251110012
37614520000000
37614520212121
37614521000110
37614521002210
37614521202211
37614521212201
37614522121102
37615420002211
37615421100022
37615421112022
37615421202010
37615421202220
37615422010021
37624151200102
37624510121122
37624511010211
37624511120101
37624512020212
37624512120202
37641251111212
37642151102200
37642512011110
37645121201110
37651241100022
37651421201200
37652140002121
37652142120211
37654211200111
41236752121210
41237560202020
41263750201111
41325670101100
41325761202112
41325762020122
41352670101001
41352670101010
41352670111000
41357621202001
41367252000022
41532671202100
41532760122022
41563272002200
41576321101111
41625371202100
41625372010102
41625730111120
41635720101010
41657320111201
41673251101111
41673520000000
41723561202100
41725360121002
41725360210102
41725361110102
41725361202100
41725361202112
41725362010111
41725362010120
41725630000000
41725630100011
41725631211220
41725632000022
41725632010012
41725632100000
41726351202211
41726531201122
41735260212202
41735261201122
41735262012112
41735620122121
41735621202211
41736520122121
41736521221120
41752630111012
41752631200012
41752631201212
41752631202100
41756230210102
41756232010120
41762531110222
41762532012220
41765230122121
41765321110201
41765321202100
41765322011101
42136751020201
42137560012222
42137652011020
42137652021010
42157632120211
42163750010101
42165372112012
42167531020222
42315672001000
42351670101100
42351762120022
42367152000010
42367152100012
42516371122000
42561732212011
42573611212120
42573612211120
42613571202100
42615370202221
42615371102200
42615371110102
42615371202100
42651371102200
42651732200011
42673511121022
42751631210122
42751631212120
43126571022202
43167250121101
43176251012020
43176251200021
43216572021010
43216572021112
43216572101200
43216572101221
43512670202221
43527611201212
43561270000000
43571261011111
43572160000000
43572611201212
43576210012111
43576211001121
43615270222201
43615271002210
43617520112110
43621751102212
43651721212021
43675121111011
43675210110220
43721652120202
43751622012202
43765211111011
45167322211120
45176230020202
45176230022002
45176230220002
45176232020002
45176320020022
45213671110012
45273161111011
45276130020022
45312670111201
45312671112220
45312671122210
45312671202100
45312672021202
45312672111001
45312672120202
45312760002100
45312760022200
45312761110000
45312761200000
45321670101100
45321670110010
45321672002200
45327611111212
45362711011111
45367121112022
45367210000021
45367210100011
45367212000022
45376120020022
45376120220200
45376210222012
45376212020212
45376212222211
45612370022110
45612371220010
45612372001120
45612372021010
45612372021112
45612372211000
45612372221011
45612372221110
45613270220110
45613271122000
45621372012220
45621372100000
45621731101012
45621731122222
45623711221012
45623712211210
45637122021010
45637122221011
45671230021120
45671232001021
45673211101021
45673212100111
45713622112021
45721362210202
45721362211120
45732611122210
45736120011100
46123570000000
46123572121012
46125730222012
46127350020202
46127351020222
46127352020212
46135271022202
46153272020020
46157232222121
46157320220122
46215371010112
46215371202100
46257131100022
46257312201100
46273511011201
46273512110101
46275310012111
46275311001121
46275311021101
46275311121022
46275311202100
46275312010111
46275312201100
46321751000020
46352170100122
46352171002120
46372510110220
46375210100221
46375211002000
46375211021020
46375211021110
46375211221111
46375212001000
46375212012010
46375212222010
46512370220110
46512371002210
46513271221000
46513272002110
46523710220221
46527132000010
46572310112011
46572311021011
46721532012202
47123561121022
47123650122121
47126350122121
47126531022022
47132561200000
47132562111220
47132651122210
47135621021221
47136251022001
47152360122121
47152630211020
47156230221202
47156232100021
47156232112201
47156232122002
47156232211201
47156320000000
47156320022200
47156321021200
47156321202121
47156321221021
47156321221201
47156322112012
47162350211011
47163521020111
47165320121002
47165320211020
47165321021101
47165321022001
47165321121022
47165321202100
47216351020222
47251362020002
47251631020201
47256132101200
47256132210121
47265311011111
47265311020201
47265311202100
47321650200022
47352611012020
47352611200021
47352611202100
47512631201212
47621531121220
47621532120010
47632151122210
47632152101200
47632152121210
47632512101221
47652131120212
47653212100120
47653212121000
51264730002211
51264731102200
51267341201122
51324670100011
51324671101000
51324672002200
51324760000012
51324762002221
51342671101000
51342762201112
51367240100002
51423670110220
51426730000000
51426732201100
51472360020202
51472632220201
51623470210000
51623742202210
51624730201012
51624732212002
51632740212121
51642370011202
51642730002211
51647230002121
51723642020200
51724361011111
51724362010102
51726432012202
51732642010102
51742631212120
51742631212222
52134760121002
52147630010200
52147630020100
52147630100020
52147630200010
52147631000002
52147632000001
52163470001011
52163470102000
52163470201000
52163470222012
52163471000200
52163471020111
52163472000100
52163472000220
52163472110212
52163472212221
52167341010121
52167431010202
52167431011111
52167431020102
52167432022222
52167432220222
52174632112012
52314672200200
52314760211011
52341670000000
52341670011100
52341670200202
52341671100001
52341671121202
52341671212111
52341671212201
52341672022000
52341672121102
52341672121222
52341672212101
52361471010202
52361471020201
52367141100010
52367411211121
52374160001212
52376412111112
52463172101221
52463712101221
52471630112002
52471630212001
52614371202100
52641732101200
52641732121210
52673412121012
52713460121212
52714360121002
52714632102112
52714632112012
52731640122001
52731640212001
52736140211122
52741361202100
52741361202112
52741631011222
52741631012212
52741631101102
52741631101120
52741631121100
52741632110122
52741632202201
52741632202210
52741632210112
52741632212200
52743610000102
52743610000201
52743610001020
52743610002010
52743611020000
52743612010000
52761430000102
52761430000201
52761430001020
52761430002010
52761431020000
52761432010000
52763142111220
52763410111201
52763410222012
52763412111001
52763412112201
52763412211201
53126470120120
53126470120210
53126470210210
53146271012122
53147261012020
53162742201112
53274162100111
53421670210000
53421670210120
53426170001122
53462710002211
53467210210000
53476120212001
53476120212211
53614720101010
53621470220110
53642170000000
53672141110102
53714621122000
53721462112201
53724611010001
53726142222010
53741620212001
53741620221001
53742611212222
53761241010100
53761241110102
53761241210101
53762142111220
53762412211012
54123672122212
54126370220110
54127631020102
54127631111101
54127632020101
54127632022222
54127632222202
54163270022110
54163271122000
54167230010002
54167230020001
54167230110100
54167230222102
54167231001001
54167231022202
54167231222002
54167232121222
54167232220102
54172632021202
54217361122102
54217631021101
54231670012000
54231672012010
54261372012010
54261731120122
54276131122201
54312670020220
54312671101000
54312672200200
54317260002001
54317620000111
54321671101102
54321671101120
54321671121100
54321672202201
54321672202210
54321672212200
54321760100110
54321762002002
54326170000120
54326170001122
54326170210120
54326710001101
54327611112121
54361271112121
54362170002022
54362710000120
54362710212001
54367120001101
54367120002100
54367120002220
54367121100010
54367121200000
54367122200002
54367210021111
54367210102222
54367210111021
54367210222102
54367211100211
54367211120011
54367211122102
54367211221102
54367211222002
54367212001111
54367212201022
54371260002220
54371620002001
54371620002211
54376120211122
54376210000021
54376210000111
54376210002022
54612370001200
54612371111020
54612731001112
54612732211102
54621370022200
54621371100010
54637210021000
54671231110102
54712360212202
54712361112211
54716231111002
54716320001212
54716321202112
54721630000000
54721630011010
54721630200022
54721631022121
54721631101111
54721631101120
54721632120211
54721632202210
54721632222220
54723611020201
54723611110111
54723611111101
54723612010201
54723612222202
54761232211210
54763211211121
56123470111201
56123470112110
56123470220221
56123470222012
56123471211010
56123471220220
56123472022021
56123472022120
56123472111001
56123472112201
56123472211201
56124370000120
56124370121212
56127432221212
56132471222221
56132472100000
56132472102100
56143272221212
56147230111021
56147230222102
56147231122102
56147231221102
56147231222002
56147321222122
56173420002001
56174231212222
56174320121002
56213470000000
56213742202222
56243172022000
56243712010222
56247131222122
56271432000202
56271432012202
56271432021202
56274131220022
56274311202100
56321472122212
56321741100001
56324170110220
56327410100221
56327412102001
56341272010102
56341272020101
56347121222122
56347210102000
56347210111021
56347210201000
56347210220020
56347211000110
56347211000200
56347211012122
56347211121112
56347212000100
56347212020221
56423170120120
56423170120210
56423170210210
56423171001010
56423172021010
56423172022000
56432712011011
56712340121002
56712342100012
56721342012220
56721431201122
56723410002202
56723410010002
56723410020001
56723410111201
56723411011201
56723411212111
56723412110101
56723412111001
56723412220000
56732142011002
56741230010200
56741230020100
56741230100020
56741230200010
56741231000002
56741232000001
56743211011111
56743211110111
56743212010102
56743212010201
56743212220222
57123460000000
57164321020201
57214360212121
57214631101102
57236140002121
57236140211122
57236140212121
57241630211002
57241630212001
57246130001122
57264131000212
57321640200001
57321641200021
57364211102200
57364211202100
57364212221011
57642310002211
61234571120212
61234572121102
61235740202020
61257342121012
61274350202020
61274531120212
61352471122210
61352471202100
61452730200202
61453720000000
61453720200001
61453722000010
61472531012221
61472532001000
61527430000000
61534271200021
61534720001200
61534720002100
61543270000000
61543270001200
61572431201212
61734522111220
62134571210212
62135470011010
62135471021020
62135472011020
62135472012010
62135472020020
62135472021010
62135472121120
62135472211210
62135742111220
62135742201112
62147352012010
62147352021010
62154732210010
62157341021101
62173542121021
62174350011022
62174532200101
62317452001000
62317452201100
62351742001012
62371452200200
62374510211200
62374512001210
62374512201001
62435171100022
62435171200021
62435710111111
62453712200011
62471531121022
62475130211212
62531471210122
62543710100002
62543710200001
62571431210122
62735142112102
63125740001212
63125742020122
63125742022201
63142570000000
63142570021210
63142572001012
63172451201212
63172451202100
63174521221021
63247510012021
63251742022120
63452710200202
63452711222110
63471521012020
63471521212021
63471521221021
63472511012221
63512742202222
63541270101100
63542712010222
63574211012020
63574211202100
63712541110000
63714251012020
63714520001212
63714521221021
63721540122211
63724152010102
63725140001212
63725140122010
63725141012020
63725141112022
63725142011002
63725142012202
63741251111212
63741521012020
63742510121110
63745122011101
63751241110210
63751422011200
63752140000000
63752140011100
63752140012102
63752141221021
63752142012112
63752142101212
63752142112012
63752410112101
63752410222102
63752411201212
63752411211001
63752411222002
63754212011011
64125370020202
64157320022101
64231571200021
64257130002112
64271532110101
64275130101112
64275130201012
64275131100022
64275131121022
64275132120001
64275132201100
64275310001221
64275310111111
64275312201100
64321571000020
64321571021020
64321571200021
64325712010111
64351271021020
64357211202100
64357212120211
64357212201100
64531270101100
64531271021020
64531272011020
64531272012010
64531272200200
64531272201100
64572130011112
64713252001000
65123470001200
65123470122121
65123471201200
65132470101001
65132470111000
65132470120210
65132470212010
65132471020120
65132471101120
65132471122210
65132472000220
65132472202201
65132472212200
65132740112212
65132742111220
65134720122121
65147320121002
65172430021222
65174231012020
65174231022202
65174231212201
65174232212101
65174232220102
65174321202100
65174322112012
65213740000000
65241370000000
65243711010211
65271340221220
65271431120122
65274130000000
65274130200202
65274130201102
65274131012221
65274132021112
65274132121210
65274132201112
65314271200021
65314271202100
65321471000011
65417320121002
65417322112012
65417322121012
65423712210211
65432172121210
65471230021102
65714322112012
65723142210202
65732410222012
65742310101202
67132540022200
67145322022201
67154232212221
67215342222022
67231540212001
67231542212011
67234512221011
67245130202212
67245310001200
67245310022122
67254310020022
67254312200002
67312451122210
67312540010110
67312541110000
67321450000012
67321450001200
67321450101100
67321450200022
67321451000011
67321452002200
67321541121022
67341251111212
67342511111002
67345121112022
67345121121022
67345210000012
67345210000021
67345210001122
67345210002211
67345210100011
67345210200022
67345211000011
67345212000022
67354120000000
67354210101010
67354210202002
67354210222000
67354211000110
67354211101111
67354211200021
67354212000202
67354212020200
67354212100021
67354212202222
67412352021010
67412352221110
67412530020022
67435120221001
67435122012010
67452312210121
71234562120211
71263540222111
71263541212012
71264532020212
71264532110212
71264532120112
71264532120202
71326450100200
71326452021010
71326542222202
71345261021020
71362452002200
71365422220201
71423562102121
71423652102121
71426352201100
71426532222112
71432560121212
71432560212121
71432561000110
71432562121102
71432562212002
71432562212011
71432562221002
71435260211122
71435261111011
71435262100012
71435262200011
71435262222022
71435262222112
71435622222220
71436252222001
71452362102121
71452631111020
71453261111110
71453622200011
71456320211212
71456321000110
71462530002211
71462531000101
71462531010001
71462532000112
71462532110002
71463522220111
71523462020200
71523462120202
71523462220201
71532462110221
71534261011111
71542632021211
71543621000020
71543622000010
71546232220102
71546321120101
71562432012121
71563242110110
71625432102022
71643251120101
71643522220102
72134561201101
72136540211122
72143562111220
72143650010002
72143650020001
72143650102000
72143650201000
72143651000200
72143652000100
72145630122112
72145632121120
72145632201112
72146351121112
72163451011111
72163452010102
72163452020101
72163452022222
72163452220222
72164352020002
72165430002220
72165431000002
72165431000011
72165431100001
72165431212201
72165432000001
72165432010222
72165432110122
72165432122212
72165432210112
72165432220102
72345610000000
72345610022002
72345610110112
72345610111111
72345610220221
72345611011000
72345611220220
72345612110110
72345612222220
72356140001212
72356140121002
72356142100012
72361452121222
72361541222122
72365411111101
72365412010201
72365412020101
72365412220222
72435162222202
72513640121212
72513640122211
72516341202112
72531462210121
72534162100012
72541630000102
72541630000201
72541630001020
72541630002010
72541631020000
72541632010000
72543161200000
72543162100000
72543610110112
72543610112110
72543610220221
72543610221220
72543611220220
72543612021121
72543612022111
72543612110110
72543612112201
72543612211201
72546310212001
72546312212101
72561341202112
72561431102011
72561432110122
72561432200122
72561432210022
72561432210112
72563410000102
72563410000201
72563410001020
72563410002010
72563411020000
72563412010000
72643512101200
72643512101221
73125462022021
73146521002120
73246152201100
73456122120211
73516242212002
73516242221020
73541261210101
73542162210022
73542612021010
73542612021211
73564212210211
73614250001212
73615240001212
73615240002211
73615241112022
73615242012202
73615242102202
73615242220201
73615242221200
73615420002211
73615422102100
73615422222220
73624512010021
73624512221020
73625140001212
73625142010102
73625142222202
73625411111212
73642510000000
73642510002121
73642510002211
73642512112111
73645120002100
73645121111200
73645210112002
73645210120000
73645210210000
73645210221001
73645212001120
73645212222001
73651240002211
73652412100201
73652412220210
73654121000011
73654121110000
73654210000021
74123562212110
74123651211010
74123652021121
74123652022021
74123652022111
74123652022120
74125630202200
74125631010010
74125631011000
74125631020000
74125631210221
74125632010000
74125632020122
74125632021121
74125632022111
74125632022201
74125632221212
74126351222011
74132560210120
74132561010010
74132561011000
74132562020110
74132562021001
74136521211010
74152362021121
74152362022021
74152362022111
74152362022120
74156321011012
74156321011210
74156321202112
74156322021220
74156322022012
74163250010011
74163251001100
74163251020000
74163252010000
74163252020221
74163252022021
74163252022102
74163252022120
74163252221212
74165230010101
74165230020202
74165230101010
74165230202020
74165231000101
74165231010001
74165231010100
74165232000202
74165232020002
74165232020200
74165232020212
74165232021202
74165232120202
74213651212021
74251632000202
74256310210111
74256312000121
74265311222122
74312651222221
74321562200020
74321652122212
74325162020212
74325611110111
74325612010201
74325612020101
74325612022222
74361252001021
74361252100120
74365210010110
74365210102000
74365210201000
74365210202002
74365210222000
74365211000200
74365211111212
74365211222221
74365212000100
74365212010222
74512360211122
74512361202112
74513262010111
74521631111101
74521632010102
74521632010201
74521632022222
74521632222202
74523610010002
74523610020001
74523610102000
74523610201000
74523611000200
74523612000100
74532162012112
74561230000111
74561231000002
74561231110000
74561232000001
74561232020122
74561232122212
74561232200122
74561232210022
74561232210202
74563210121221
74653212022111
75132462122122
75143262120202
75146320212220
75213641112022
75231462100012
75234160211122
75234161110000
75236142102121
75241631111212
75243161100211
75243610002121
75243612102121
75246130222201
75246310000000
75246312101200
75246312201100
75246312221221
75261431012122
75264131010121
75264131112220
75264131210101
75264132010222
75264132220102
75264310112011
75264312120001
75312462222022
75314620022110
75314620202101
75314622002011
75316240120120
75321460200001
75321462021010
75346121022022
75346210022011
75346210100200
75346210200100
75346211212222
75346212001021
75346212021010
75346212021211
75346212221011
75412630112221
75416322121102
75431262022102
75462131012101
75613242020221
75613242022102
75634122212011
75641322121000
75642131102200
76123452122212
76125342222022
76143251020201
76143251110111
76143252020101
76143252220222
76143252222202
76145230010002
76145230011001
76145230020001
76145230110001
76145230200220
76145231012221
76145231122102
76145231220202
76145231221102
76145232022102
76145232121222
76154322222001
76213542102022
76213542200221
76215340120120
76215432222022
76231450012000
76245310010020
76245310020010
76245310102201
76245311021020
76245312011011
76245312012010
76253140012021
76253140100221
76253412211201
76254132200212
76254312100000
76312451101000
76312452100000
76312452200200
76312541210101
76312541211010
76312542211111
76315240001002
76315240002001
76315240112002
76315240211011
76315240212202
76315240221001
76315242100120
76315242212212
76321451011012
76321451011210
76321451011222
76321451012212
76321451101120
76321451102011
76321452122020
76321452200122
76321452202201
76321452210022
76321452212200
76321541100001
76321542100000
76321542200020
76324150001122
76324150001212
76324152212011
76325410000102
76325410000201
76325410001020
76325410002010
76325410011010
76325410220200
76325411001010
76325411120101
76325411222122
76325412111112
76341250000102
76341250000201
76341250001020
76341250002010
76341250110010
76341250200202
76341251121202
76341251212222
76341252110101
76341252122020
76342510000120
76342510000210
76342510212001
76342511121112
76342512102001
76342512211000
76342512212011
76342512212101
76345121100001
76345121100010
76345121102200
76345121200000
76345122100000
76345122200002
76345122200020
76345122201100
76351420001212
76351420002211
76351422210121
76354120010101
76354120011010
76354120200202
76354120202020
76354121000101
76354121001010
76354121101111
76354122100012
76354122100021
76354122202222
76354211102212
76354211201122
76354211202211
76354211222221
76354212111112
76354212201112
76421350020010
76512342102202
76512342221200
76514320001212
76514320121002
76521432121222
76523412112120
76524312220111
76541231020102
76541231110111
76541232010102
76541232220222
76541232222202
76543210000000
76543210101001
76543210112110
76543210221220
76543210222222
76543211021212
76543211111110
76543211212102
76543212002020
distance-11 states: 2644
worst rank: 0
worst input: 12345671111111
worst visited: 0
worst expanded: 0
solution length: 0
solution:
